67898 199996
219721 199996
50972 199996
52717 199996
118491 199996
49745 199996
51065 199996
50240 199996
49540 199996
54776 199996
51869 199996
49525 199996
53368 199996
52353 199996
82996 199996
52582 199996
52266 199996
58529 199996
51530 199996
51761 199996
50651 199996
52944 199996
56439 199996
50170 199996
51852 199996
50656 199996
49807 199996
51045 199996
49269 199996
53935 199996
52500 199996
60211 199996
50192 199996
51729 199996
51984 199996
50781 199996
50481 199996
50903 199996
53181 199996
49296 199996
49541 199996
49260 199996
49119 199996
49503 199996
49294 199996
49404 199996
49074 199996
49151 199996
49521 199996
49104 199996
49125 199996
60211 199996
49201 199996
49428 199996
49319 199996
49255 199996
49165 199996
49220 199996
49634 199996
49246 199996
185423 199996
49458 199996
49522 199996
49344 199996
49432 199996
434593 199996
49244 199996
49372 199996
49218 199996
49117 199996
48951 199996
49595 199996
49137 199996
45191 199996
49296 199996
45119 199996
45043 199996
76709 199996
49616 199996
49819 199996
57117 199996
56275 199996
55269 199996
49371 199996
60075 199996
49374 199996
49352 199996
54756 199996
49219 199996
49354 199996
49128 199996
53668 199996
60253 199996
56783 199996
49286 199996
50759 199996
59719 199996
231373 199996
49841 199996
54599 199996
