13661 199996
12395 199996
12960 199996
12698 199996
13054 199996
25759 199996
192091 199996
19794 199996
19534 199996
13706 199996
12742 199996
12472 199996
12202 199996
12260 199996
12809 199996
11374 199996
11419 199996
11239 199996
12934 199996
12612 199996
16628 199996
11327 199996
12814 199996
23400 199996
11518 199996
11207 199996
12349 199996
11317 199996
12904 199996
12800 199996
12559 199996
13242 199996
12261 199996
12125 199996
11132 199996
12571 199996
12374 199996
11432 199996
22189 199996
12286 199996
12625 199996
14957 199996
12707 199996
19950 199996
13213 199996
12333 199996
14337 199996
16968 199996
286702 199996
12600 199996
12292 199996
12273 199996
12440 199996
12376 199996
13558 199996
12128 199996
12348 199996
18095 199996
12307 199996
12229 199996
12401 199996
12274 199996
14485 199996
12723 199996
12488 199996
13372 199996
12272 199996
13642 199996
12362 199996
12463 199996
12999 199996
12205 199996
12602 199996
12486 199996
12538 199996
13983 199996
12941 199996
12370 199996
12426 199996
12563 199996
12520 199996
63264 199996
12192 199996
12028 199996
12275 199996
18728 199996
12674 199996
12119 199996
12247 199996
13180 199996
13426 199996
12244 199996
12619 199996
12828 199996
17862 199996
12918 199996
12407 199996
12503 199996
12419 199996
12229 199996
