21003 199996
14416 199996
15543 199996
14449 199996
13695 199996
13822 199996
24332 199996
14066 199996
12619 199996
261156 199996
12719 199996
14051 199996
45767 199996
16269 199996
15830 199996
14085 199996
14063 199996
14868 199996
14738 199996
12764 199996
45618 199996
55465 199996
14676 199996
13909 199996
14732 199996
14898 199996
17467 199996
14024 199996
13850 199996
13902 199996
13670 199996
27145 199996
14414 199996
13726 199996
13703 199996
15230 199996
13583 199996
15560 199996
15289 199996
115734 199996
12798 199996
15266 199996
13635 199996
12235 199996
18966 199996
13939 199996
12867 199996
14615 199996
20914 199996
15709 199996
15720 199996
14391 199996
19775 199996
17412 199996
13799 199996
18151 199996
15752 199996
14733 199996
13606 199996
14293 199996
13585 199996
13952 199996
28250 199996
14088 199996
14033 199996
17830 199996
14686 199996
20311 199996
14401 199996
13874 199996
14387 199996
14200 199996
13985 199996
14626 199996
14425 199996
14043 199996
15031 199996
13900 199996
20791 199996
14360 199996
13889 199996
15883 199996
13826 199996
14219 199996
14143 199996
14464 199996
15158 199996
18132 199996
15272 199996
14524 199996
13936 199996
15749 199996
15684 199996
34000 199996
14561 199996
13837 199996
14973 199996
14155 199996
14276 199996
14627 199996
