12524 199996
12622 199996
12374 199996
11370 199996
11514 199996
11491 199996
11585 199996
12689 199996
12904 199996
38600 199996
12702 199996
25438 199996
11515 199996
11141 199996
179049 199996
12634 199996
11629 199996
11555 199996
11548 199996
11501 199996
11491 199996
12972 199996
11624 199996
11555 199996
13104 199996
11776 199996
11729 199996
12787 199996
12428 199996
12636 199996
12428 199996
12644 199996
12994 199996
12533 199996
11570 199996
12444 199996
12589 199996
12450 199996
12456 199996
115915 199996
12757 199996
12698 199996
12581 199996
24657 199996
12681 199996
12488 199996
11516 199996
12917 199996
12840 199996
11304 199996
12885 199996
12514 199996
12645 199996
12646 199996
13029 199996
11374 199996
12674 199996
28164 199996
12548 199996
12760 199996
12705 199996
12573 199996
12783 199996
12764 199996
12750 199996
14668 199996
14277 199996
14391 199996
12947 199996
12999 199996
12594 199996
12441 199996
12503 199996
14583 199996
14543 199996
12326 199996
12360 199996
13158 199996
13119 199996
12561 199996
13837 199996
12639 199996
13276 199996
13211 199996
14358 199996
13641 199996
12836 199996
16380 199996
12870 199996
14664 199996
14728 199996
14828 199996
15914 199996
13802 199996
13038 199996
13654 199996
13377 199996
12834 199996
12676 199996
12573 199996
