15311 199996
13283 199996
15109 199996
16013 199996
15761 199996
14910 199996
13962 199996
14067 199996
13546 199996
12329 199996
12729 199996
13346 199996
13099 199996
15251 199996
15155 199996
12692 199996
14484 199996
15483 199996
12788 199996
15108 199996
15044 199996
12944 199996
14748 199996
15055 199996
12650 199996
12793 199996
14247 199996
12682 199996
12925 199996
12813 199996
15947 199996
15436 199996
13908 199996
14841 199996
14696 199996
13145 199996
15383 199996
12649 199996
12670 199996
13047 199996
16190 199996
13152 199996
13116 199996
15742 199996
12545 199996
12813 199996
12726 199996
15613 199996
13366 199996
13648 199996
14893 199996
13590 199996
15176 199996
13057 199996
13490 199996
12715 199996
12730 199996
14948 199996
12742 199996
12372 199996
12627 199996
12751 199996
15907 199996
12852 199996
12597 199996
12886 199996
12359 199996
12627 199996
12603 199996
12440 199996
12528 199996
14279 199996
12662 199996
12590 199996
12562 199996
12266 199996
12521 199996
12442 199996
12622 199996
12605 199996
12450 199996
14478 199996
12745 199996
12352 199996
12532 199996
12491 199996
12360 199996
12339 199996
12641 199996
12507 199996
12446 199996
12386 199996
12677 199996
25175 199996
12517 199996
12787 199996
12698 199996
12673 199996
12837 199996
27528 199996
